0.833759
0.338841
0.649167
0.896442
0.832403
0.904133
0.963711
0.491607
1.928979
1.962255
3.005938
1.031993
0.300632
0.457843
0.199637
0.945029
1.055865
1.141653
0.872113
0.841394
1.067186
1.659985
0.762276
0.631101
2.588929
1.716034
0.754173
1.945739
1.569804
0.628390
1.522770
0.654443
1.759429
1.992259
0.888220
0.973134
1.396912
1.437544
0.973266
2.348020
1.189206
1.186843
0.499488
1.884343
1.175551
1.662296
1.652711
1.292364
1.190589
1.629783
2.993382
3.504233
1.627562
1.649288
2.530422
1.920192
3.212083
1.913526
2.119537
1.211932
0.925621
2.536692
1.182534
3.399505
